04 43
53
05 03
13
23
31
38
44
52
05 54
06 02
04
12 
14
22
23
30
31
38
39
45
39
45
47
50
54
07 00
07 02
04 
08
12
18
20
26
27
33
35
41
42
48
50
56
57
08 03
08 05
08 11
12
18
20
26
27
33
35
41
42
48
50
56
57
09 03
05
11
12
18
20
27
34
36
43
45
50
57
10 00
10 05
12 
15
20
30
35
43
45
52
55
11 02
05
12
15
22
25
32
35
42
45
52
55
12 02
05
12 
15
22
25
32
35
42
45
52
55
13 02
05
12 
15
22
25
32
35
42
45
52
55
14 02
05
12 
15
22
25
32
35
42
45
52
53
15 01
03
07
14
16
23
24
31
32
39
40
47
48
55
56
16 03
04
11
12
19
20
27
28
35
36
43
44
51
52
59
17 00
07
08 
15
16
23
24
31
32
39
40
47
48
55
56
18 03
05
12
15
20
27
30
35
40
47
18 50
55
19 01
07
13
19
25
32
40
47
19 55
20 02
10
17
25
32
40
47
55
21 02
10
17
25
32
40
47
55
22 03
13
23
33
43
53
23 03
13
23
33
43
53
00 03

04 40
41
51
05 01
11 
21
31
41
51
59
06 05
11
16
21
26
31
36
41
46
51
55
59
07 03
07 07 
11
14
18
22
26 
29
33
37
41
44
48
52
56
59
08 03
07
11
14
18
22
26
29
33
37
41
44 
48
52
56
59
09 03
07
11 
14
18
22
26
29
33
37
41
44
48
52
56
10 00
05
09 
13
18 
22
27
32
37
42
47
52
57
11 02
07
12
17
22
27
29
33
37
41
44
48
52
56
10 00
05
09 
13
18 
22
27
32
37
42
47
52
57
11 02
07
12
17
22
27
32
37
42
47
52
57
12 02
07
12
17
22
27
32
37
42
47
52
57
13 02
07
12
17
22
27
32
37
42
47
52
57
14 02
07
12
17
22
27
32
37
42
47
52
57
15 02 
07
12
17
21
26
30
35
39
44
48
52
56
16 00
04
08
12
16
20
24
28
32
36
40
44
48
52
56
17 00
04
08
12
16
20
24
28
32
36
40
44
48
52
56
18 00
04
08
12
16
20
24
29
33
38
42
48
53
58
19 03
08 
13
18
23
28
34
40
46
52
58
20 05
13
20
28
35
43
50
58
21 05
13
20
28
35
43
51
22 01
11
21
31
41
51
23 01
11
21
31
41
51
00 01
