04 45
48
50
05 00
10
20
28
34
39
44
57
52
57
06 01
05 
09
13
16
20
23
26
30
33
36
39
42
45
48
51
54
57
07 00
03
06
10
14
18
22
26
30
34
38
42
46
50
54
58
08 00
03
06
09
12
15
18
21
24
27
30
33
36
39
42
45
48
51
54
58
09 02
06
10
14
18
22
26
30
34
39
43
48
53
58
10 03
08
13
18
23
28
33
38
43
48
53
58
11 03
08
13
18
23
28
33
38
43
48
53
58
12 03
08
13
18
23
28
33
38
43
48
53
58
13 03
08
13
18
23
28
32
37
41
46
50
55
59 
14 04
08
13
17
22
26
30
34
52
41
44
48
51
55
15 06
02
05
09
12
16
19
23
26
30
33
37
40
44
47
51
54
58
16 01
05 
08
12
15
19
22
26
29
33
36
40
43
47
50
54
57
17 01
04 
08 
11
15
18
22
25
29
32
36
39
43
46
50
53
57
18 00
04
07
11
14
18
22
26
30
34
39
43
48
53
59
19 04
10
15
21
26
32
37
43
48
54
20 00
06
12
18
24
30
36
42
48
55
21 03
10
18
25
33
40
50
22 00
10
20
30
40
50
23 00
10
20
30
40
50
00 00

04 51
44
45
55
05 05
15
25
32
40
47
53
58
06 03
08
13
17
21
25
29
33
37
41
45
49
53
56
59
07 02
05
08
11
14
17
20
23
26
29
32
35
38
41
44
47
50
53
56
59
08 02
05
08
11 
14
17
20
23
26
29
32
35
38
41
44
47
50
53
56
59
09 02
05
08
11
14
17
20
23
26
30
33
37
41
45
49
54
59
10 04
09
14
19
24
29
34
39
44
49
54
59
11 04
09
14
19
24
29
34
39
44
49
54
59
12 04
09
14
19
24
29
34
39
44
49
54
59
13 04
09
14
19
25
29
34
38
43
47
52
56
14 01
05
10
14
18
22
26
30
34
38
42
46
50
54
58
15 02
06 
10
14
18
21
25
28
32
35
39
42
46
49
53
56
16 00
03
07
10
14
17
21
24
28
31
35
38
42
45
49
52
56
59
17 03
06
10
13
17
20
24
27
31
34
38
41
45
48
52
55
59
18 02
06
09
13
16
20
23
27
30
34
38
42
46
50
54
58
19 03
07
12
16
21
25
31
36
42
47
53
59
20 05
11
17
23
29
35
41
47
53
59
21 05
11
17
25
32
40
47
55
22 05
15
25
35
45
55
23 05
15
25
35
45
55
00 05



