04 35
40
44
54
05 04
14
24
34
41
49
54
59
06 04
08
13
17
22
26
29
31
34
36
39
42
44
47
49
52
54
57
59
07 02
04
07
09
12
14
17
19
22
24
27
29
32
34
37
39
42
44
47
49
52
54
57
59
08 02
04
07
09
12
14
17
19
22
24
27
29
32
34
37
39
42
44
47
49
52
54
57
59
09 02
04
07
09
12
14
17
19
22
25
28
31
34
37
40
43
46
50
54
58
10 01
05
09
13
17
21
25
29
34
39
44
49
54
59
11 04
09
14
19
24
29
34
39
44
49
54
59
12 04
09
14
19
24
29
34
39
44
49
54
58
13 03
13 07
12
16
21
25
30
34
39
43
47
51
55
59
14 03
07
11
15
19
23
27
31
34
38
41
45
48
52
55
59
15 02
06
09
13
16
20
23
26
29
32
35
38
41
44
47
50
53
56
59
16 02
05
08
11
14
17
19
22
25
28
30
33
36
39
41
44
47
50
52
55
58
17 01
03
06
09
12
15
18
21
24
27
30
33
36
39
42
45
48
51
54
57
18 00
03
06
09
12
15
18
21
24
27
30
33
36
39
42
45
48
51
54
57
19 00
03
06
09 
12
16
20
24
28
32
37
41
47
52
57
20 03
09
15
21
27
33
39
45
51
57
21 03
09
15
22
30
37
45
54
22 04
14
24
34
44
54
23 04 
14
23
34
44
54
00 04

04 32
34
44
54
05 04
14
24
31
38
45
56
51
55
06 06
11
05
16
10
13
15
18
20
23
25
28
30
33
35
38
40
43
45
48
50
53
55
58
07 00
03
05
08
10
13
15
18
20
23
25
28
30
33
35
38
40
43
45
48
50
53
55
58
08 00
03
05
08
10
13
15
18
20
23 
25
28
30
33 
35
38
40
43
46
49
52
55
58
09 01
04
07
10
13
17
20
24
28
32
35
39
43
47
50
54
58
10 02
06
10
14
19
24
29
34
39
44
49
54
59
11 04
09
14
19
24
29
34
39
44
49
54
59
12 04
09
14
19
24
29
34
39
44
56
52
57
13 02 
06
10
22
18
22
26
30
34
38
50
46
50
54
58
14 02
06
18
13
16
20
24
28
39
34
37
41
45
49 
52
15 03 
14 57
15 01
04 
07
18
12
16
19
22
25
28
39
33
37
48
43
46
49
16 00
15 54
58
16 01
04
07
10
13
16
19
21
24
35
28
32
35
38
41
43
46
49
52
55
58
17 01
04
07
10
13
16
19
22
25
28
31
34
37
48
42
46
49
52
55
58
18 01
04
07
10
13
16
19
22
25
28
31
34
37
40
43
46
50
54
58
19 02
06
11
15
20
25
30
35
40
45
50
55
20 00
05
10
15
20
27
33
40
47
55
21 02
10
17
25
32 
40
47
55
22 04
14
24
34
44
54
23 04
14
24
34
44
54
00 04

